

2049387156293480715

1839045721037594862

5920374861573049182

3928574106293478150

5928430517062394815

3847501926845039271

9401825763912854703

4857301926845930217

3957201486720349185

2937401583672049851

4058193726845012937

1293475082195734680

5824910375629301478

5029418375684012397

5948203761928430517

7392048516372910485

1947380526319402875

5820479163492573018

7239015846309124578

2910347581620394857

4920876315297038145

5720948136942083751

7205813469573120483

4912873065149038725

3857204916827340519

4729031856419382075

6948215037183624905

2017489356720348915

5827309142635479018


8204675139852743019

5713948203621048579

8415092873641023957

3094857126475198230

4912865730219458307

3728105946382571049
